1
0
DavidWilson
103
28
72.6
103
156
15.7
1
1
郑十一
203
102.4
145.6
7
50.8
88
1
2
Tom赵
301
50.7
123
44
133.9
154
1
3
EmmaTaylor
103
8.2
55
93.2
132
179
1
4
王十二
202
155
113
24.8
24
18
1
5
Lily张
302
140.6
44.2
109.2
62.1
30.8
1
6
RobertAnderson
301
45
67.7
24
78
56
1
7
张三
203
28
43.9
131
8
34.6
1
8
Sam赵
102
27
139.3
36.1
89.3
152.9
1
9
OliviaJohnson
203
47.1
117.6
53.4
123.5
82
1
10
赵六
201
104
34.2
24.1
76.7
134.3
1
11
Leo赵
102
17.1
64.9
80
141.1
22
1
12
JohnWilson
103
179
107
19
92.6
105.2
1
13
郑十一
103
98
34.6
172.1
2
51.9
1
14
Leo吴
102
101.5
119
82
4
30
1
15
MiaBrown
202
95.9
159
128
64.2
132.8
1
16
王五
102
57
149
9
26.3
11.4
1
17
Lily张
202
48.6
131.2
129.2
100.9
152
1
18
OliviaJackson
103
159.7
48.6
154
36.2
74
1
19
王五
303
174.3
126.5
171.5
0.3
152.8
1
20
Leo周
202
30
40
65.7
164
15
1
21
MichaelThomas
301
66
70.7
168
143.8
106
1
22
孙八
302
118.9
24
9
148
104.7
1
23
Leo孙
201
125.3
76
80.4
156
104.5
1
24
MichaelJackson
201
47.1
109.5
86.5
156
103
1
25
郑十一
303
179.8
65.7
150.1
4
91
1
26
Chris王
101
46.4
29
175.6
168.8
120.6
1
27
SophiaBrown
101
17.2
177.7
67.8
38
149.8
1
28
吴十
301
85
66.4
16
115
28.9
1
29
Chris郑
102
94
34
9
7.4
46.7
1
30
EmmaJohnson
301
106.3
76.4
159.3
124.6
140.7
1
31
吴十
102
51.6
160.4
41.1
51.1
81
1
32
Leo孙
103
79.4
29
131.6
98
92
1
33
DavidBrown
301
14
174.6
6.2
165.8
129.7
1
34
郑十一
301
78.3
90.3
32.3
48
60.5
1
35
Lucy赵
301
174.1
123
39.8
131.5
15
1
36
MichaelAnderson
303
31
85.9
114.6
156.1
50
1
37
赵六
203
132.9
174.3
84.5
60
52
1
38
Tom刘
301
45.8
152
20.5
125.8
22.7
1
39
RobertBrown
203
89.1
78
64
61.2
27
1
40
李四
203
7.7
84
94.8
75.4
131
1
41
Grace刘
302
76.4
20
57.6
124.4
153.3
1
42
RobertThomas
202
64.8
133.1
84.5
121.6
93
1
43
吴十
101
2.2
52
73
34.8
77
1
44
Leo赵
102
174
12.8
3.7
115
114.6
1
45
DavidThomas
303
78.8
171.3
31.9
37.5
79
1
46
李四
203
158
89.4
175
57
72.3
1
47
Sam吴
201
3.8
177
126
41.6
11
1
48
EmmaJohnson
201
61.5
133.2
172.9
57.4
57
1
49
王十二
101
75
62.4
128.6
150.4
62
1
50
Alex郑
303
28
72.6
103
156
15.7
1
51
MichaelJohnson
101
102.4
145.6
7
50.8
88
1
52
钱七
301
50.7
123
44
133.9
154
1
53
Max钱
101
8.2
55
93.2
132
179
1
54
DavidSmith
202
155
113
24.8
24
18
1
55
张三
103
140.6
44.2
109.2
62.1
30.8
1
56
Lily刘
302
45
67.7
24
78
56
1
57
JohnDavis
302
28
43.9
131
8
34.6
1
58
孙八
103
27
139.3
36.1
89.3
152.9
1
59
Ruby周
203
47.1
117.6
53.4
123.5
82
1
60
MiaJohnson
201
104
34.2
24.1
76.7
134.3
1
61
王十二
201
17.1
64.9
80
141.1
22
1
62
Sam李
102
179
107
19
92.6
105.2
1
63
MiaWilson
202
98
34.6
172.1
2
51.9
1
64
李四
103
101.5
119
82
4
30
1
65
Max李
103
95.9
159
128
64.2
132.8
1
66
AvaBrown
202
57
149
9
26.3
11.4
1
67
吴十
301
48.6
131.2
129.2
100.9
152
1
68
Ruby刘
103
159.7
48.6
154
36.2
74
1
69
RobertTaylor
302
174.3
126.5
171.5
0.3
152.8
1
70
王五
202
30
40
65.7
164
15
1
71
Alex王
103
66
70.7
168
143.8
106
1
72
JamesDavis
202
118.9
24
9
148
104.7
1
73
吴十
103
125.3
76
80.4
156
104.5
1
74
Leo赵
102
47.1
109.5
86.5
156
103
1
75
SophiaTaylor
103
179.8
65.7
150.1
4
91
1
76
赵六
102
46.4
29
175.6
168.8
120.6
1
77
Chris赵
302
17.2
177.7
67.8
38
149.8
1
78
JamesTaylor
201
85
66.4
16
115
28.9
1
79
王十二
103
94
34
9
7.4
46.7
1
80
Lucy郑
302
106.3
76.4
159.3
124.6
140.7
1
81
JohnMiller
101
51.6
160.4
41.1
51.1
81
1
82
郑十一
201
79.4
29
131.6
98
92
1
83
Sam钱
201
14
174.6
6.2
165.8
129.7
1
84
JamesMiller
302
78.3
90.3
32.3
48
60.5
1
85
吴十
101
174.1
123
39.8
131.5
15
1
86
Sam郑
102
31
85.9
114.6
156.1
50
1
87
RobertDavis
203
132.9
174.3
84.5
60
52
1
88
王十二
301
45.8
152
20.5
125.8
22.7
1
89
Tom孙
203
89.1
78
64
61.2
27
1
90
JohnSmith
302
7.7
84
94.8
75.4
131
1
91
王十二
203
76.4
20
57.6
124.4
153.3
1
92
Chris李
101
64.8
133.1
84.5
121.6
93
1
93
JohnDavis
301
2.2
52
73
34.8
77
1
94
周九
202
174
12.8
3.7
115
114.6
1
95
Alex赵
102
78.8
171.3
31.9
37.5
79
1
96
OliviaBrown
203
158
89.4
175
57
72.3
1
97
王五
103
3.8
177
126
41.6
11
1
98
Alex孙
301
61.5
133.2
172.9
57.4
57
1
99
AvaAnderson
203
75
62.4
128.6
150.4
62
1
100
王五
203
28
72.6
103
156
15.7
1
101
Tom周
301
102.4
145.6
7
50.8
88
1
102
EmmaDavis
303
50.7
123
44
133.9
154
1
103
郑十一
101
8.2
55
93.2
132
179
1
104
Lily李
303
155
113
24.8
24
18
1
105
OliviaSmith
203
140.6
44.2
109.2
62.1
30.8
1
106
王五
102
45
67.7
24
78
56
1
107
Sam吴
101
28
43.9
131
8
34.6
1
108
AvaBrown
102
27
139.3
36.1
89.3
152.9
1
109
赵六
203
47.1
117.6
53.4
123.5
82
1
110
Ruby孙
103
104
34.2
24.1
76.7
134.3
1
111
MiaJackson
201
17.1
64.9
80
141.1
22
1
112
郑十一
302
179
107
19
92.6
105.2
1
113
Lily周
303
98
34.6
172.1
2
51.9
1
114
JohnTaylor
102
101.5
119
82
4
30
1
115
赵六
102
95.9
159
128
64.2
132.8
1
116
Tom王
103
57
149
9
26.3
11.4
1
117
MichaelDavis
102
48.6
131.2
129.2
100.9
152
1
118
孙八
103
159.7
48.6
154
36.2
74
1
119
Max孙
102
174.3
126.5
171.5
0.3
152.8
1
120
DavidJohnson
301
30
40
65.7
164
15
1
121
赵六
103
66
70.7
168
143.8
106
1
122
Sam刘
101
118.9
24
9
148
104.7
1
123
AvaSmith
203
125.3
76
80.4
156
104.5
1
124
张三
202
47.1
109.5
86.5
156
103
1
125
Leo张
301
179.8
65.7
150.1
4
91
1
126
AvaDavis
102
46.4
29
175.6
168.8
120.6
1
127
赵六
302
17.2
177.7
67.8
38
149.8
1
128
Grace孙
203
85
66.4
16
115
28.9
1
129
JohnAnderson
102
94
34
9
7.4
46.7
1
130
孙八
201
106.3
76.4
159.3
124.6
140.7
1
131
Max郑
102
51.6
160.4
41.1
51.1
81
1
132
JamesJohnson
202
79.4
29
131.6
98
92
1
133
吴十
101
14
174.6
6.2
165.8
129.7
1
134
Leo钱
102
78.3
90.3
32.3
48
60.5
1
135
MiaSmith
303
174.1
123
39.8
131.5
15
1
136
张三
202
31
85.9
114.6
156.1
50
1
137
Tom李
301
132.9
174.3
84.5
60
52
1
138
AvaAnderson
102
45.8
152
20.5
125.8
22.7
1
139
吴十
203
89.1
78
64
61.2
27
1
140
Ruby吴
201
7.7
84
94.8
75.4
131
1
141
MichaelTaylor
201
76.4
20
57.6
124.4
153.3
1
142
李四
303
64.8
133.1
84.5
121.6
93
1
143
Max周
202
2.2
52
73
34.8
77
1
144
EmmaJohnson
301
174
12.8
3.7
115
114.6
1
145
赵六
303
78.8
171.3
31.9
37.5
79
1
146
Leo刘
102
158
89.4
175
57
72.3
1
147
OliviaWilson
201
3.8
177
126
41.6
11
1
148
孙八
202
61.5
133.2
172.9
57.4
57
1
149
Tom张
101
75
62.4
128.6
150.4
62
1
150
DavidJackson
103
28
72.6
103
156
15.7
1
151
李四
101
102.4
145.6
7
50.8
88
1
152
Alex张
303
50.7
123
44
133.9
154
1
153
MichaelJackson
201
8.2
55
93.2
132
179
1
154
周九
102
155
113
24.8
24
18
1
155
Ruby钱
201
140.6
44.2
109.2
62.1
30.8
1
156
EmmaThomas
301
45
67.7
24
78
56
1
157
孙八
102
28
43.9
131
8
34.6
1
158
Sam李
302
27
139.3
36.1
89.3
152.9
1
159
OliviaJackson
102
47.1
117.6
53.4
123.5
82
1
160
钱七
203
104
34.2
24.1
76.7
134.3
1
161
Tom周
303
17.1
64.9
80
141.1
22
1
162
RobertMiller
201
179
107
19
92.6
105.2
1
163
王十二
102
98
34.6
172.1
2
51.9
1
164
Chris刘
301
101.5
119
82
4
30
1
165
EmmaJackson
302
95.9
159
128
64.2
132.8
1
166
王十二
102
57
149
9
26.3
11.4
1
167
Alex张
103
48.6
131.2
129.2
100.9
152
1
168
JohnTaylor
201
159.7
48.6
154
36.2
74
1
169
郑十一
101
174.3
126.5
171.5
0.3
152.8
1
170
Chris王
102
30
40
65.7
164
15
1
171
DavidWilson
101
66
70.7
168
143.8
106
1
172
王十二
102
118.9
24
9
148
104.7
1
173
Lily张
303
125.3
76
80.4
156
104.5
1
174
OliviaDavis
301
47.1
109.5
86.5
156
103
1
175
王十二
103
179.8
65.7
150.1
4
91
1
176
Lily钱
103
46.4
29
175.6
168.8
120.6
1
177
SophiaJohnson
302
17.2
177.7
67.8
38
149.8
1
178
王十二
303
85
66.4
16
115
28.9
1
179
Grace刘
201
94
34
9
7.4
46.7
1
180
MiaBrown
101
106.3
76.4
159.3
124.6
140.7
1
181
王五
303
51.6
160.4
41.1
51.1
81
1
182
Grace郑
101
79.4
29
131.6
98
92
1
183
EmmaMiller
302
14
174.6
6.2
165.8
129.7
1
184
吴十
201
78.3
90.3
32.3
48
60.5
1
185
Lucy刘
201
174.1
123
39.8
131.5
15
1
186
SophiaWilson
101
31
85.9
114.6
156.1
50
1
187
王十二
303
132.9
174.3
84.5
60
52
1
188
Sam赵
303
45.8
152
20.5
125.8
22.7
1
189
RobertAnderson
203
89.1
78
64
61.2
27
1
190
张三
301
7.7
84
94.8
75.4
131
1
191
Lily周
102
76.4
20
57.6
124.4
153.3
1
192
MichaelJohnson
303
64.8
133.1
84.5
121.6
93
1
193
李四
303
2.2
52
73
34.8
77
1
194
Lily李
201
174
12.8
3.7
115
114.6
1
195
OliviaBrown
302
78.8
171.3
31.9
37.5
79
1
196
郑十一
302
158
89.4
175
57
72.3
1
197
Sam郑
101
3.8
177
126
41.6
11
1
198
MichaelMiller
302
61.5
133.2
172.9
57.4
57
1
199
王十二
303
75
62.4
128.6
150.4
62
1
200
Lucy孙
201
28
72.6
103
156
15.7
1
201
JamesBrown
203
102.4
145.6
7
50.8
88
1
202
吴十
101
50.7
123
44
133.9
154
1
203
Ruby孙
302
8.2
55
93.2
132
179
1
204
MiaBrown
303
155
113
24.8
24
18
1
205
孙八
303
140.6
44.2
109.2
62.1
30.8
1
206
Grace李
203
45
67.7
24
78
56
1
207
AvaWilson
203
28
43.9
131
8
34.6
1
208
王十二
102
27
139.3
36.1
89.3
152.9
1
209
Alex孙
102
47.1
117.6
53.4
123.5
82
1
210
MiaSmith
203
104
34.2
24.1
76.7
134.3
1
211
郑十一
203
17.1
64.9
80
141.1
22
1
212
Sam赵
101
179
107
19
92.6
105.2
1
213
MiaMiller
203
98
34.6
172.1
2
51.9
1
214
周九
101
101.5
119
82
4
30
1
215
Ruby周
101
95.9
159
128
64.2
132.8
1
216
AvaDavis
301
57
149
9
26.3
11.4
1
217
王十二
101
48.6
131.2
129.2
100.9
152
1
218
Leo刘
303
159.7
48.6
154
36.2
74
1
219
RobertAnderson
301
174.3
126.5
171.5
0.3
152.8
1
220
李四
302
30
40
65.7
164
15
1
221
Alex赵
303
66
70.7
168
143.8
106
1
222
SophiaWilson
101
118.9
24
9
148
104.7
1
223
李四
202
125.3
76
80.4
156
104.5
1
224
Max王
201
47.1
109.5
86.5
156
103
1
225
EmmaJohnson
203
179.8
65.7
150.1
4
91
1
226
吴十
201
46.4
29
175.6
168.8
120.6
1
227
Tom赵
201
17.2
177.7
67.8
38
149.8
1
228
OliviaWilson
303
85
66.4
16
115
28.9
1
229
孙八
302
94
34
9
7.4
46.7
1
230
Chris张
301
106.3
76.4
159.3
124.6
140.7
1
231
OliviaMiller
102
51.6
160.4
41.1
51.1
81
1
232
吴十
102
79.4
29
131.6
98
92
1
233
Sam郑
301
14
174.6
6.2
165.8
129.7
1
234
OliviaMiller
303
78.3
90.3
32.3
48
60.5
1
235
王五
201
174.1
123
39.8
131.5
15
1
236
Max吴
202
31
85.9
114.6
156.1
50
1
237
OliviaWilson
301
132.9
174.3
84.5
60
52
1
238
郑十一
102
45.8
152
20.5
125.8
22.7
1
239
Max刘
302
89.1
78
64
61.2
27
1
240
DavidThomas
303
7.7
84
94.8
75.4
131
1
241
李四
202
76.4
20
57.6
124.4
153.3
1
242
Max张
101
64.8
133.1
84.5
121.6
93
1
243
MichaelDavis
102
2.2
52
73
34.8
77
1
244
周九
301
174
12.8
3.7
115
114.6
1
245
Sam吴
103
78.8
171.3
31.9
37.5
79
1
246
SophiaWilson
201
158
89.4
175
57
72.3
1
247
周九
201
3.8
177
126
41.6
11
1
248
Lily钱
203
61.5
133.2
172.9
57.4
57
1
249
SophiaJohnson
201
75
62.4
128.6
150.4
62